生成輸出張量 tensor([[100792, 108707,  87752, 102291, 102104, 104832,  28311, 104832,     25,
          18137,  40419, 105567,  99818,  20412, 102386,    198, 102291,    
 25,
            220,     16,     17,     20,  10236,    101,    106, 118732,   8429,
          12553,  27033,  12243,    220,     16,     23,    472,   7151,   4607,
            508,     17,     15,     16,     15,     12,     15,     20,    
 12,
             15,     21,    936,  42344, 105966, 102291,  24360, 103555,  99823,
             17,     15,     16,     16,     12,     16,     17,     12,    
 17,
             21,   7552,     13,   8108,   3371,   5540,   1365,    220,    
 24,
          50929,  27033,  16615,     13,    305,  51865,   6118,   6830,  15194,
             13,    508,     17,     15,     15,     22,     12,     16,    
 17,
             12,     17,     15,    936,  42344, 105966, 102291,  24360, 103555,
          99823,     17,     15,     15,     22,     12,     16,     17,    
 12,
             17,     17,   7552,     13,  27033,     13,  10751,  24969,    
 13,
            508,     17,     15,     15,     22,     12,     16,     17,    
 12,
             17,     15,    936,  42344, 105966, 102291,  24360, 103555,  99823,
             17,     15,     15,     24,     12,     16,     16,     12,    
 15,
             16,   7552,     13,    320,     23,      8,  27773,  99715,    
118,
            320,     24,      8,  99858, 114898,    320,     16,     15,    
  8,
          77959, 100743,    198, 102349,     25,  18137,  40419, 105567,  99818,
          20412, 100293,    198, 102291,     25,    220,     16,     11,    
220,
             17,     11,    220,     20,     11,   3284,     11,   5415,    
 11,
           1579,     11,    220,     16,     11,    220,     23,     11,   1989,
             11,   7151,     13,   2209,     11,    220,    508,     11,    
220,
             17,     11,    220,     15,     11,    220,     16,     11,    
220,
             15,     12,     15,     12,     20,     12,     15,     12,    
 21,
             11,   2211,  42344,     11,  30883,     11,   2500,     11,  24360,
             11,   8530,     11,  99823,     11,    220,     17,     11,    220,
             15,     11,    220,     16,     11,    220,     16,     12,     16,
             12,     17,     12,     17,     12,     21,     11,   7552,     13,
          53253,     11,   3371,     11,   5540,     11]], device='cuda0')
             15,     11,    220,     16,     11,    220,     16,     12,    
 16,
             12,     17,     12,     17,     12,     21,     11,   7552,    
 13,
          53253,     11,   3371,     11,   5540,     11]], device='cuda0') 
生成的答案 請根據以下內容回答問題：
問題 高爾夫是什麼
內容 125 種語言 Why Does Golf Have 18 Holes. [2010-05-06]. （原始內容存檔 
於2011-12-26）. Hill den Park – 9 Hole Golf Course. hilden park.co.uk. [2007-12-20]. （原始內容存檔於2007-12-22）. Golf. Encarta. [2007-12-20]. （原始內
容存檔於2009-11-01）. (8)果嶺 (9)旗竿 (10)球洞
答案 高爾夫是耗
內容 1, 2, 5,
,Left,ik, 1, 8,loy,oles.lected,  [, 2, 0, 1, 0-0-5-0-6,atabase （,synthesize, available,存,_row,於, 2, 0, 1, 1-1-2-2-6,）..week, den, Park,
回答 高爾夫是耗
內容 1, 2, 5,
,Left,ik, 1, 8,loy,oles.lected,  [, 2, 0, 1, 0-0-5-0-6,atabase （,synthesize, available,存,_row,於, 2, 0, 1, 1-1-2-2-6,）..week, den, Park,
請輸入你的問題（按 Enter 提交）：^Z

輸入結束，程式退出。